46.27
46.057
45.557
47.702
46.937
46.36
47.18
48.966
49.526
49.958
50.056
49.085
48.959
50.283
49.433
50.925
52.351
53.229
53.458
52.749
52.868
51.957
51.542
50.156
48.753
46.834
47.135
45.866
45.931
47.646
47.484
46.843
46.331
48.672
47.242
45.777
44.904
44.962
46.297
45.538
46.403
47.747
49.313
49.741
50.232
50.378
50.724
49.493
51.062
47.975
46.946
47.146
48.152
49.577
49.187
49.5
48.381
48.658
48.688
50.783
49.282
50.934
51.092
50.817
50.767
49.654
48.691
47.091
47.063
46.473
47.361
48.303
47.751
47.243
47.978
46.988
46.921
48.402
47.519
46.517
45.873
47.334
45.482
46.018
46.37
45.875
47.393
48.083
48.43
49.679
48.245
48.645
50.312
50.336
49.264
49.476
49.654
49.277
48.353
47.996
48.008
47.143
48.012
46.184
46.729
46.708
48.706
50.68
50.521
49.61
49.475
50.836
49.366
47.575
48.666
47.06
48.124
49.476
50.688
49.933
50.211
51.429
52.347
52.794
51.781
52.615
51.959
52.699
52.317
51.88
52.587
51.641
50.176
50.693
51.286
52.656
51.964
51.111
52.234
50.999
50.249
50.01
49.833
48.758
48.471
47.767
48.764
47.585
48.311
49.984
47.149
47.12
46.475
46.773
45.73
45.402
44.955
46.333
46.836
46.807
46.377
48.741
50.112
48.774
48.425
47.34
48.305
48.759
50.179
50.639
49.827
49.414
50.261
49.42
50.383
50.243
51.358
51.14
50.296
47.703
48.022
49.295
48.53
48.134
49.029
50.146
48.543
48.739
48.555
50.077
49.082
49.415
50.693
52.001
51.706
53.315
53.47
53.537
50.724
51.075
50.282
49.159
49.429
50.401
49.552
49.483
48.808
48.221
48.526
48.57
48.961
48.593
48.478
49.05
46.497
45.557
45.264
44.342
45.548
46.322
47.046
46.914
47.194
46.765
48.005
48.412
48.445
47.664
47.809
47.954
47.877
49.563
50.599
50.671
51.465
50.406
51.479
51.495
51.794
50.259
48.175
47.918
46.576
46.397
47.316
46.709
45.882
45.952
45.947
48.197
47.555
47.056
48.273
48.794
49.275
48.817
48.363
49.377
49.02
48.439
49.66
51.039
51.535
52.043
52.392
52.876
53.628
53.028
52.699
51.254
52.644
52.885
51.121
50.789
52.287
52.125
52.261
51.701
51.438
50.658
49.82
48.933
49.448
48.52
48.844
49.204
49.158
48.231
49.531
48.862
47.862
48.348
49.393
47.486
46.09
45.017
45.817
44.074
44.63
45.975
48.709
47.723
47.912
46.942
46.026
46.277
45.89
46.697
47.558
46.707
46.802
46.498
45.432
45.349
43.25
42.894
42.419
42.214
43.637
44.983
45.63
46.799
46.398
47.567
47.123
47.101
47.298
48.375
48.642
49.52
49.97
48.953
48.761
49.997
50.195
51.716
50.192
51.2
51.806
51.649
51.153
51.62
50.353
49.246
49.3
47.908
50.406
51.083
49.229
49.554
51.087
51.326
50.694
50.7
49.981
47.752
48.26
48.185
47.016
48.528
49.816
50.29
47.87
48.407
47.659
47.96
47.298
47.608
47.33
47.136
46.459
47.353
47.577
48.222
48.402
47.817
46.638
45.33
46.414
47.595
49.753
48.465
48.178
48.031
48.919
49.04
50.603
51.555
50.679
49.75
50.447
49.897
49.051
48.029
47.816
47.647
49.389
48.91
48.674
48.385
49.856
49.553
49.67
51.18